Startup CPU time:       16.283 sec summed across    1 PEs.
         Day, Step number,     CPU time, CPU time change
       0.000,           0,       16.283,       16.283
      41.667,        1000,       28.080,       11.797
      83.333,        2000,       39.312,       11.232
     125.000,        3000,       50.550,       11.237
     166.667,        4000,       61.739,       11.190
     208.333,        5000,       73.016,       11.277
     250.000,        6000,       84.254,       11.238
     291.667,        7000,       95.561,       11.307
     333.333,        8000,      106.919,       11.357
     375.000,        9000,      118.377,       11.458
     416.667,       10000,      129.963,       11.586
     458.333,       11000,      141.570,       11.607
     500.000,       12000,      153.057,       11.487
     541.667,       13000,      164.531,       11.474
     583.333,       14000,      175.924,       11.393
     625.000,       15000,      187.334,       11.411
     666.667,       16000,      198.705,       11.371
     708.333,       17000,      210.129,       11.424
     750.000,       18000,      221.539,       11.410
     791.667,       19000,      232.947,       11.408
     833.333,       20000,      244.369,       11.422
     875.000,       21000,      255.740,       11.371
     916.667,       22000,      267.114,       11.374
     958.333,       23000,      278.634,       11.520
    1000.000,       24000,      290.038,       11.404
    1041.667,       25000,      301.502,       11.464
    1083.333,       26000,      312.965,       11.463
    1125.000,       27000,      324.404,       11.439
    1166.667,       28000,      335.840,       11.436
    1208.333,       29000,      347.367,       11.527
    1250.000,       30000,      358.847,       11.481
    1291.667,       31000,      370.259,       11.412
    1333.333,       32000,      381.669,       11.409
    1375.000,       33000,      393.082,       11.413
    1416.667,       34000,      404.545,       11.463
    1458.333,       35000,      416.022,       11.476
    1500.000,       36000,      427.457,       11.435
    1541.667,       37000,      438.986,       11.529
    1583.333,       38000,      450.523,       11.537
    1625.000,       39000,      462.018,       11.495
    1666.667,       40000,      473.407,       11.389
    1708.333,       41000,      484.813,       11.406
    1750.000,       42000,      496.310,       11.497
    1791.667,       43000,      507.784,       11.474
    1833.333,       44000,      519.358,       11.574
    1875.000,       45000,      530.853,       11.495
    1916.667,       46000,      542.355,       11.502
    1958.333,       47000,      553.847,       11.492
    2000.000,       48000,      565.303,       11.457
    2041.667,       49000,      576.795,       11.492
    2083.333,       50000,      588.232,       11.437
    2125.000,       51000,      599.747,       11.515
    2166.667,       52000,      611.232,       11.485
    2208.333,       53000,      622.741,       11.508
    2250.000,       54000,      634.216,       11.475
    2291.667,       55000,      645.805,       11.589
    2333.333,       56000,      657.508,       11.703
    2375.000,       57000,      669.166,       11.659
    2416.667,       58000,      680.718,       11.551
    2458.333,       59000,      692.267,       11.550
    2500.000,       60000,      703.841,       11.574
    2541.667,       61000,      715.562,       11.721
    2583.333,       62000,      727.133,       11.570
    2625.000,       63000,      738.694,       11.561
    2666.667,       64000,      750.307,       11.613
    2708.333,       65000,      761.885,       11.578
    2750.000,       66000,      773.404,       11.519
    2791.667,       67000,      784.925,       11.521
    2833.333,       68000,      796.466,       11.542
    2875.000,       69000,      808.009,       11.542
    2916.667,       70000,      819.661,       11.653
    2958.333,       71000,      831.240,       11.578
    3000.000,       72000,      842.905,       11.666
    3041.667,       73000,      854.618,       11.713
    3083.333,       74000,      866.245,       11.627
    3125.000,       75000,      877.742,       11.498
    3166.667,       76000,      889.269,       11.527
    3208.333,       77000,      900.834,       11.564
    3250.000,       78000,      912.386,       11.553
    3291.667,       79000,      923.961,       11.575
    3333.333,       80000,      935.526,       11.565
    3375.000,       81000,      947.107,       11.581
    3416.667,       82000,      958.723,       11.616
    3458.333,       83000,      970.278,       11.555
    3500.000,       84000,      981.712,       11.435
    3541.667,       85000,      993.166,       11.454
    3583.333,       86000,     1004.698,       11.531
    3625.000,       87000,     1016.176,       11.478
    3666.667,       88000,     1027.712,       11.536
    3708.333,       89000,     1039.265,       11.553
    3750.000,       90000,     1050.812,       11.547
    3791.667,       91000,     1062.324,       11.512
    3833.333,       92000,     1073.847,       11.522
    3875.000,       93000,     1085.458,       11.611
    3916.667,       94000,     1096.982,       11.524
    3958.333,       95000,     1108.563,       11.581
    4000.000,       96000,     1120.131,       11.568
    4041.667,       97000,     1131.698,       11.567
    4083.333,       98000,     1143.274,       11.576
    4125.000,       99000,     1155.195,       11.921
    4166.667,      100000,     1167.379,       12.185
    4208.333,      101000,     1179.003,       11.624
    4250.000,      102000,     1190.661,       11.658
    4291.667,      103000,     1202.318,       11.657
    4333.333,      104000,     1213.945,       11.627
    4375.000,      105000,     1225.511,       11.566
    4416.667,      106000,     1237.122,       11.611
    4458.333,      107000,     1248.748,       11.626
    4500.000,      108000,     1260.371,       11.623
    4541.667,      109000,     1272.015,       11.644
    4583.333,      110000,     1283.608,       11.592
    4625.000,      111000,     1295.148,       11.541
    4666.667,      112000,     1306.834,       11.686
    4708.333,      113000,     1318.432,       11.598
    4750.000,      114000,     1329.940,       11.508
    4791.667,      115000,     1341.482,       11.542
    4833.333,      116000,     1353.057,       11.575
    4875.000,      117000,     1364.825,       11.768
    4916.667,      118000,     1376.374,       11.549
    4958.333,      119000,     1387.906,       11.532
    5000.000,      120000,     1399.522,       11.616
    5041.667,      121000,     1411.150,       11.628
    5083.333,      122000,     1422.843,       11.692
    5125.000,      123000,     1434.372,       11.530
    5166.667,      124000,     1445.912,       11.539
    5208.333,      125000,     1457.576,       11.664
    5250.000,      126000,     1469.254,       11.678
    5291.667,      127000,     1480.875,       11.621
    5333.333,      128000,     1492.349,       11.474
    5375.000,      129000,     1503.825,       11.476
    5416.667,      130000,     1515.483,       11.658
    5458.333,      131000,     1527.226,       11.742
    5500.000,      132000,     1538.785,       11.560
    5541.667,      133000,     1550.338,       11.553
    5583.333,      134000,     1561.916,       11.578
    5625.000,      135000,     1573.495,       11.580
    5666.667,      136000,     1584.985,       11.489
    5708.333,      137000,     1596.558,       11.573
    5750.000,      138000,     1608.030,       11.472
    5791.667,      139000,     1619.567,       11.538
    5833.333,      140000,     1631.088,       11.521
    5875.000,      141000,     1642.598,       11.511
    5916.667,      142000,     1654.197,       11.598
    5958.333,      143000,     1666.111,       11.914
    6000.000,      144000,     1677.788,       11.677
    6041.667,      145000,     1689.400,       11.612
    6083.333,      146000,     1701.121,       11.721
    6125.000,      147000,     1713.072,       11.951
    6166.667,      148000,     1724.812,       11.740
    6208.333,      149000,     1736.434,       11.623
    6250.000,      150000,     1747.966,       11.532
    6291.667,      151000,     1759.595,       11.629
    6333.333,      152000,     1771.224,       11.628
    6375.000,      153000,     1782.782,       11.558
    6416.667,      154000,     1794.370,       11.588
    6458.333,      155000,     1806.003,       11.633
    6500.000,      156000,     1817.649,       11.647
    6541.667,      157000,     1829.302,       11.652
    6583.333,      158000,     1841.148,       11.847
    6625.000,      159000,     1852.755,       11.607
    6666.667,      160000,     1864.445,       11.690
    6708.333,      161000,     1876.114,       11.669
    6750.000,      162000,     1887.684,       11.570
    6791.667,      163000,     1899.267,       11.583
    6833.333,      164000,     1910.848,       11.581
    6875.000,      165000,     1922.423,       11.575
    6916.667,      166000,     1934.072,       11.649
    6958.333,      167000,     1945.657,       11.586
    7000.000,      168000,     1957.206,       11.549
    7041.667,      169000,     1968.870,       11.664
    7083.333,      170000,     1980.527,       11.656
    7125.000,      171000,     1992.082,       11.555
    7166.667,      172000,     2003.709,       11.627
    7208.333,      173000,     2015.307,       11.598
    7250.000,      174000,     2026.948,       11.641
    7291.667,      175000,     2038.570,       11.622
    7333.333,      176000,     2050.144,       11.573
    7375.000,      177000,     2061.675,       11.532
    7416.667,      178000,     2073.247,       11.571
    7458.333,      179000,     2084.776,       11.529
    7500.000,      180000,     2096.312,       11.536
    7541.667,      181000,     2107.827,       11.516
    7583.333,      182000,     2119.408,       11.581
    7625.000,      183000,     2130.931,       11.523
    7666.667,      184000,     2142.462,       11.531
    7708.333,      185000,     2154.162,       11.700
    7750.000,      186000,     2165.928,       11.766
    7791.667,      187000,     2177.663,       11.735
    7833.333,      188000,     2189.317,       11.653
    7875.000,      189000,     2200.871,       11.555
    7916.667,      190000,     2212.564,       11.692
    7958.333,      191000,     2224.209,       11.646
    8000.000,      192000,     2235.782,       11.573
    8041.667,      193000,     2247.354,       11.572
    8083.333,      194000,     2258.965,       11.611
    8125.000,      195000,     2270.610,       11.644
    8166.667,      196000,     2282.273,       11.664
    8208.333,      197000,     2293.846,       11.573
    8231.000,      197544,     2300.396,        6.551
Startup CPU time:        1.747 sec summed across    1 PEs.
         Day, Step number,     CPU time, CPU time change
    8231.000,           0,        1.747,        1.747
    8272.667,        1000,       19.427,       17.680
    8314.333,        2000,       36.309,       16.883
    8356.000,        3000,       54.291,       17.981
    8397.667,        4000,       71.487,       17.196
    8439.333,        5000,       88.189,       16.702
    8455.000,        5376,       94.340,        6.151
